P 1 20 21 1 20 2
P 2 6 36 1 19 2
P 3 28 16 1 18 2
P 4 7 12 1 17 2
P 5 4 16 1 16 2
P 6 28 7 1 15 2
P 7 17 45 1 14 2
P 8 36 21 1 13 2
P 9 1 20 1 12 2
P 10 14 11 1 11 2
P 11 7 36 1 10 2
P 12 41 2 1 9 2
P 13 9 22 1 8 2
P 14 27 42 1 7 2
P 15 38 38 1 6 2
P 16 46 43 1 5 2
P 17 41 40 1 4 2
P 18 29 35 1 3 2
P 19 42 23 1 2 2
P 20 36 6 1 1 2
P 21 28 45 1 0 1
P 22 8 38 1 0 1
P 23 0 44 1 0 1
P 24 9 48 1 0 1
P 25 19 14 1 0 1
P 26 47 14 1 0 1
P 27 49 23 1 0 1
P 28 5 23 1 0 1
P 29 25 24 1 0 1
P 30 28 13 1 0 1
P 31 9 20 1 0 1
P 32 26 8 1 0 1
P 33 15 26 1 0 1
P 34 40 34 1 0 1
P 35 5 7 1 0 1
P 36 44 2 1 0 1
P 37 3 35 1 0 1
P 38 30 36 1 0 1
P 39 13 32 1 0 1
P 40 40 9 1 0 1
P 41 16 49 1 0 1
P 42 10 40 1 0 1
P 43 49 33 1 0 1
P 44 31 25 1 0 1
P 45 46 49 1 0 1
P 46 38 35 1 0 1
P 47 25 6 1 0 1
P 48 7 43 1 0 1
P 49 23 34 1 0 1
P 50 49 6 1 0 1
P 51 34 41 1 0 1
P 52 43 22 1 0 1
P 53 47 18 1 0 1
P 54 26 0 1 0 1
P 55 2 13 1 0 1
P 56 18 28 1 0 1
P 57 18 26 1 0 1
P 58 30 22 1 0 1
P 59 18 11 1 0 1
P 60 24 35 1 0 1
P 61 50 25 1 0 1
P 62 31 15 1 0 1
P 63 20 24 1 0 1
P 64 45 21 1 0 1
P 65 26 44 1 0 1
P 66 4 33 1 0 1
P 67 12 40 1 0 1
P 68 11 11 1 0 1
P 69 26 2 1 0 1
P 70 32 15 1 0 1
P 71 7 41 1 0 1
P 72 15 49 1 0 1
P 73 15 7 1 0 1
P 74 14 34 1 0 1
P 75 9 6 1 0 1
P 76 17 24 1 0 1
P 77 9 33 1 0 1
P 78 14 8 1 0 1
P 79 38 6 1 0 1
P 80 12 18 1 0 1
P 81 15 41 1 0 1
P 82 9 11 1 0 1
P 83 47 16 1 0 1
P 84 28 29 1 0 1
P 85 32 43 1 0 1
P 86 26 48 1 0 1
P 87 16 10 1 0 1
P 88 2 21 1 0 1
P 89 36 2 1 0 1
P 90 38 21 1 0 1
P 91 50 3 1 0 1
P 92 38 7 1 0 1
P 93 43 11 1 0 1
P 94 24 21 1 0 1
P 95 31 1 1 0 1
P 96 7 16 1 0 1
P 97 14 38 1 0 1
P 98 16 43 1 0 1
P 99 35 34 1 0 1
